1014.700000
1019.200000
1957.700000
2577.400000
5031.900000
1965.700000
2013.900000
1740.100000
1713.100000
2526.700000
1850.400000
3267.700000
2152.200000
3920.000000
3894.800000
2744.300000
3013.000000
2195.400000
2607.900000
2482.100000
1922.100000
1808.800000
43512.900000
2627.000000
1901.500000
1953.700000
1778.800000
1832.800000
1808.800000
2762.900000
2894.700000
1890.500000
2681.200000
1979.700000
3946.500000
2944.900000
1885.000000
2872.100000
2031.900000
3072.200000
2880.700000
2773.900000
3862.200000
2911.300000
2941.300000
1840.900000
41869.500000
1941.100000
1923.700000
2050.900000
1939.200000
1839.300000
2953.900000
3449.600000
1900.600000
1721.100000
2556.300000
1976.700000
2853.100000
2005.900000
3880.800000
3101.700000
4166.600000
3825.000000
3091.800000
1942.600000
4878.000000
865.300000
3409.100000
41381.100000
1720.100000
1773.700000
2529.300000
1770.200000
1879.000000
2029.400000
1728.600000
2497.600000
1060.300000
1992.300000
3848.800000
1789.200000
2007.400000
2014.800000
1799.300000
3090.200000
1893.100000
2087.000000
3059.200000
1199.600000
1569.200000
1987.300000
3080.700000
3021.500000
2045.500000
1096.400000
940.500000
1919.100000
1758.200000
42157.200000
2857.600000
1740.700000
2642.500000
1921.700000
1918.100000
2839.600000
1923.100000
1854.400000
2520.200000
2069.500000
1903.100000
2860.100000
1948.200000
1973.200000
4749.600000
2008.400000
2042.900000
1852.900000
1023.800000
1080.300000
1575.200000
1725.600000
1694.500000
1770.200000
1920.600000
1811.400000
1982.200000
1210.800000
40887.800000
2859.100000
1063.300000
1030.300000
1085.400000
1930.100000
2106.000000
2969.400000
1918.600000
2998.500000
1920.600000
1998.800000
3175.900000
2870.200000
1931.600000
1910.600000
1775.200000
1933.100000
2827.600000
1932.100000
1889.500000
1942.200000
3938.500000
1600.200000
1863.500000
1823.800000
1676.500000
3533.900000
42709.200000
1900.100000
1922.100000
1027.700000
1031.800000
3102.700000
