1254.000000
1260.000000
1286.000000
1346.000000
1374.000000
1294.000000
1250.000000
1252.000000
1242.000000
1318.000000
1316.000000
1318.000000
1292.000000
1302.000000
1278.000000
1248.000000
1312.000000
1322.000000
1296.000000
1220.000000
1208.000000
1250.000000
1280.000000
1292.000000
1280.000000
1234.000000
1228.000000
1220.000000
1178.000000
1232.000000
1298.000000
1314.000000
1234.000000
1208.000000
1172.000000
850.000000
288.000000
1160.000000
1160.000000
1156.000000
1134.000000
1160.000000
1088.000000
1094.000000
1132.000000
1158.000000
1214.000000
1230.000000
686.000000
444.000000
1088.000000
1112.000000
1150.000000
1162.000000
1198.000000
1216.000000
1206.000000
1174.000000
1128.000000
1126.000000
1142.000000
1188.000000
1166.000000
1156.000000
1164.000000
1164.000000
1208.000000
1252.000000
1282.000000
1314.000000
1374.000000
1332.000000
